0.17517986249522272 -0.7892998955826088 -0.21434419045462919 0.3408558278076366 -0.006223561223298826 -0.5766073132524006 -0.3438718275441522 -0.4273003092003699 0.5436195063381916 -0.01956593960454156 -0.7864582880521532 0.4992874520570957 -0.5500782821524774 0.6795432072124818 1.0 -0.7827307733017042 0.9842713328226078 -0.09564697942386116 0.5091881944713967 1.0 0.646848649325567 -0.4200255891220588 -0.10476982666527712 -0.13489921464028987
0.9485869880521214 -0.2015974357946854 0.8668122676602988 -0.5116151755072801 0.8381795479669459 -0.6651301126418832 0.2785806329046927 -0.6590549441272201 0.44071697848785296 -0.006021205554503847 0.540814942358279 -0.27243205500158674 -0.999578237867766 -0.9357624357727637 1.0 -0.2941842864225531 0.6736909297198047 -0.7630942442381273 -0.01815237173529822 -1.0 0.3245998393244607 -0.5113560434244611 1.0 0.2275571374921845
0.6233424139971394 1.0 -0.4610361968843222 -0.8232654175403881 0.06198373075987468 0.9256814257185778 -0.560591444824917 0.337542308621808 0.5839140507735516 0.2390047895735332 -0.22481334477081064 0.7787887758003416 -0.8982947206068972 0.8472891943550266 0.2683881288094362 0.5157761717697049 0.4284822705014109 1.0 0.27436355146621944 0.5150713548514225 0.20607386615061862 0.2210840519424752 0.10484715111930165 0.2742460504380564
-0.36031142824901646 0.5967120973598934 -0.18856660836725064 0.39152916575580426 0.9617556663623092 -0.9286537100716307 -1.0 -1.0 -0.16763888220280168 -0.22314314956269765 1.0 -0.7153425924196882 -0.38975342880656233 -0.9141210977469821 0.9906852967624722 -0.7737404752475993 -0.9719208964966493 -0.41102360772652247 -0.5770665119770638 0.8492058558767004 -0.46548301764343347 -0.24821353001223878 0.01675607999492379 0.03959168107035445
-0.26281077274527526 -1.0 0.8831746116919825 -0.2482250399501385 -0.9205324968251651 -0.3015630435656456 -0.3702543709324536 0.7155473648129567 1.0 -0.7964604627967418 -0.394219994776377 0.22526634812710483 -0.5856123939290495 0.4024317546875367 0.08447714539170031 0.012343296438754259 -0.3019588711468343 -0.3328153098384746 -0.4083290395586899 0.10369115372194285 0.36713096428484815 0.5875476942947412 0.6426202232518333 0.8687134441831439
0.9651246934578497 -0.7368128021618174 0.5162465279017461 0.49517808992177803 -0.09482199969790861 -1.0 -0.30573915981694166 -0.9160370916969693 -0.8763350470044149 0.644058232182712 -0.2985333771718561 -0.304601249038317 0.5660018157352208 -0.3699011750738447 -0.5024795034130174 0.22943778188206781 0.7221383179212009 -0.03490360745068698 0.413166481198473 -0.5870317524740908 1.0 -0.08308602570372849 0.07559497113548137 1.0
-0.7418571671441404 -0.0927896493736107 -0.846485317634357 -0.89514143505148 -0.7017855135891952 -0.14780250676235368 0.8960975488392855 -0.6249548511349288 -0.6849159293538885 0.5425822298138453 0.07432090543538822 -0.52144963901293 0.05048741458170758 0.7304093516080794 0.7082286906078712 -1.0 -0.4386749399628479 -0.8154480541488298 -0.8720537367770318 -0.009198466213302087 -0.4802062440913312 -0.8942378471381348 0.04437416541637085 0.4987490034469651
-0.011211729552777827 -0.16712331781169731 -0.5885504128700663 -0.196606620930747 -0.4211307229393313 0.20306259842703897 -0.607505224900168 0.9698785291943928 -1.0 0.7590457600358366 -0.8062618099426542 0.30668484641830573 -0.8122072015471441 -0.6384509997693225 0.32767674330694574 -0.33836568574775605 -1.0 0.695101230416874 0.9401756356772266 -0.7671855868210709 0.4860434160244947 0.07519679982549352 -0.6993763254690175 0.5189958212664616
0.8063868303191226 0.22924107750507047 0.5008731799434072 -0.7707630090670033 -0.934071672733845 0.2276983107605075 -0.6617754943559523 0.6929390781898526 0.8437458459258641 0.6898432156579037 0.8942527406541311 0.8946774899887264 -0.6915478520407572 -0.9765800592497114 -0.5511471666294694 -0.9996752011662129 0.39476762745604477 0.9890181172744895 -0.9291869615573064 0.8320577460902308 0.9434971552294769 0.08806913315024831 -0.03217203409676128 -0.310695107807248
-0.4559984736092421 0.4181338656060802 0.17530504129357527 0.4600785668892309 0.12043570611551832 0.316551704770469 -0.504478948896107 0.3904413608957119 -0.18611912625894259 -0.9914228967399763 -0.13372920531504573 0.6049026865147913 -0.4565441170300809 0.052476528989430365 -0.7453309567795987 -0.8090915747195364 0.9401119997899542 0.892109803488865 -0.7793169391830929 -0.05592323474437941 -0.1979401378332969 0.5670701124731741 0.35318652084751373 -0.9660939846789998
-0.312665740147464 0.33093523531447894 0.3837360031272657 0.6902395318757825 -0.5904598853797043 0.508794116847925 -0.3919674686538372 -0.6435725646020252 -0.34912523745438395 -0.22631576985273938 -0.20596738572966183 0.35708104123349416 1.0 0.6662479382227012 -0.5669691580350458 -0.897108475705287 -0.3062636740358553 0.6724700588929813 -0.5951547228229834 -0.28423899603455804 -0.4261897880666409 -0.14426874417577568 -0.7059415657303646 0.9533184902807117
-1.0 -0.7459960422751397 -0.4277973246212645 -0.4958222986331744 -0.9341040424596805 -0.4227510343153806 -1.0 -1.0 0.24553508503079124 -0.662477549398044 -1.0 -0.280731336844567 0.9865670026507836 0.47596907764029256 0.15392026492986186 0.8540256288736071 0.23209720559982988 -1.0 -1.0 0.8393237422392266 -0.5129334528117367 1.0 0.2356417659933622 0.5083655626035658
0.8069964125434884 0.9907128909261617 0.1967579495116193 1.0 0.8973710831273098 1.0 -0.40851901545355773 -0.6694795522609254 0.5622259275845788 -0.35379442384470117 0.2126750119799925 0.8734945238491445 -0.18363565897956416 0.9343974939924177 1.0 0.05570634570687594 -0.5976037187260526 -1.0 -0.4468969360117456 -0.38323033753452246 0.6442875309078014 -0.8842405876383423 -0.3598490877014042 0.6397410372732113
-0.7068447443223314 0.6277272469256799 0.8733976099038063 -0.8971733991322244 0.23472300450933498 0.8493209455458219 0.22372853151158406 0.880214107623326 -0.16999794095738746 -0.6211458785623627 -0.4559425585000282 1.0 0.08566537734180252 0.17017567980793896 -0.714514689385309 -0.7467451591053326 0.5450898284476238 0.6834091602211471 -0.5937919138677759 0.7182424792550688 0.4927858950412674 -0.09359896733030057 -0.09497605237356166 -0.9572227773040063
-0.7854108000913513 0.8838500521577024 -0.9938192244114137 -0.8845070229440076 0.9846821123547324 -0.8468046085497791 -0.32525195749567076 0.900973828276032 0.6108246598444893 -0.5768225961230177 0.6036119017048939 0.31638471879592933 -0.655732377599705 0.16666231932681488 -0.41919237130823034 -0.0651879283471164 0.9188124517914097 -0.6187038565742264 -1.0 0.4110795483843445 0.02546594533190588 0.9527179713445606 0.711073934100774 0.5724489198856828
0.5153267905946257 -0.24974590770951954 0.47508759319473864 -0.28802241076891305 -0.028601501591087118 -0.04387029632002082 0.6267050473279363 0.03795381993208796 0.2608482881367308 -0.8118914425102508 0.577305969674279 1.0 -0.4828441424568835 -0.46403246258280617 -0.3129357688480986 -0.09620315035807117 -0.7603678387931776 -1.0 -0.5076358897053519 0.083764611509798 -0.6589514828824085 -0.25618843896634547 0.17096176974450317 0.2902587046989821
-0.06059155414943401 -0.3376019159720037 0.5629711207799519 0.9584175255385449 -0.6997052270058874 -0.36678968457559946 -0.08610661444605827 0.770326981879601 -0.17498806084908938 0.6451120637764851 -0.30908212618513076 -1.0 -1.0 0.3662142025334465 -0.0949690491715742 -1.0 -0.36226894613073635 0.700936162142265 -0.1840762963166617 0.09987909416245433 -0.8048110427613606 -0.1991496867769612 0.8640973390468003 1.0
-0.22987874843234646 -0.08491370703675843 0.26468905456793207 -0.746570577295137 -0.5206238898172351 -0.9446869407570837 -0.6322482757849176 0.8789492488083104 0.2969302307198149 0.07046075570409153 0.10087847586751156 0.1322059636477861 0.3545412949093154 -0.33734105032055184 -0.8487108716856608 -0.8711325349236373 0.1316462849110895 -0.13171480157579235 0.3687576599225331 -0.357121133312293 -0.21898189930807388 -0.32684687062062934 0.728967741048637 -0.36930387032370415
0.6891444934244499 0.22783052822967906 0.28052364452992296 0.09512578597713289 -0.540486761682 0.9798130877112524 -0.8157725670331577 0.7544312468752055 0.5115254425093945 0.2037819791462186 0.6077298799653902 -0.9064008301087717 0.3903237169005143 -0.11653867272595496 -0.12396544925640095 -1.0 -0.35250900610522956 0.9962553605147974 -0.6698996098082605 0.3344144782041607 0.3415980859686114 -0.7981745873554524 -0.7443697956986446 -0.12346655941174574
0.18910731598721986 -0.8536910553117809 -0.9576460906541578 -0.3298947327789649 -0.3716422549136412 -0.3956444912800959 0.5925251788189734 -0.15904749824737002 0.6325750071546985 -0.005236726017340043 -1.0 -0.15003990236526699 0.1347184476094165 0.3415816152688944 -0.2904624938373729 -0.01510835158752516 -0.6066242704898736 0.20199976906805944 -0.5475329815294522 -0.5992764104450281 -0.4813105985802454 -0.33337297978253844 -0.3810578829960506 -0.7784439440737465
0.9880494677549142 0.6305990379059048 0.10879798897869322 -0.09353669340812346 -0.657118014159922 -0.5041197369656794 0.5733953259083493 0.12178926286152841 -0.706614472289532 0.21624935566996073 -0.8603518514552351 0.8601625828029671 0.026274523901272384 0.16712377743852908 -0.3219878271695231 -0.24392687152586442 0.6893694539779721 -0.3506606710919188 0.2148515387761744 -0.9903841543467659 -0.5527496494228098 -0.005227385364198395 0.8907219166435321 0.34538746029567646
-0.8574594797202274 -0.2628524203160905 0.3107936125395505 0.7466452812100802 0.6431531589714483 -0.3987754449359133 0.5514163070358626 0.523763554145649 0.19282642164246644 -0.22430508212986738 0.20308508619999882 -0.18328110353161897 0.3047538141476449 -0.19500482402689995 0.3416690197100265 -0.6713293592541834 -0.3632045033389977 -0.21714303345851307 -0.8760075569019854 -0.107080324398637 0.1440170388508218 0.04362744080599011 -0.22176088376931524 -0.05405299930817409
0.1575192483319644 -0.7429680146905759 0.05811892251685988 0.6589942890917166 0.506051684117559 -0.26468544702567637 0.2656187162360345 -0.4887363713741402 0.10785879227593684 0.525067824941019 0.8959824462163745 -0.8005244883137237 0.9417108102283863 -0.3013651906013726 0.09138144284274609 1.0 0.3981482275997908 1.0 0.06198593792659002 0.9761166611064931 0.8140880073808624 0.4591075468126245 -0.36978128427927764 0.9942271705064533
0.8217438454246071 0.4004135756858086 -0.19356079512739172 -0.5076388779011045 -0.4746452269916099 -0.1724483250711571 0.8331404278613229 -0.17509875938307443 1.0 -0.14980609111250032 -0.14574585155762068 0.10427401380829782 -0.38168609759433586 -1.0 -0.8515486281602761 -0.31910451517581717 0.1780353229283153 -0.39009978566825343 -0.38470251580021037 -0.2650223543072476 0.9956785960772438 -0.9629193631968191 -0.8364616739129923 0.5185323940373296
